    puzzle = Solver(item=[
        [8, 0, 2, 0, 0, 3, 5, 1, 0],
        [0, 6, 0, 0, 9, 1, 0, 0, 3],
        [7, 0, 1, 0, 0, 0, 8, 9, 4],
        [6, 0, 8, 0, 0, 4, 0, 2, 1],
        [0, 0, 0, 2, 5, 8, 0, 6, 0],
        [9, 2, 0, 3, 1, 0, 4, 0, 0],
        [0, 0, 0, 4, 0, 2, 7, 8, 0],
        [0, 0, 5, 0, 8, 9, 0, 0, 0],
        [2, 0, 0, 0, 0, 7, 1, 0, 0]
    ], pop_size=1000)

    puzzle.evolve(num_generations=200, t_size=4, co_p=0.9, mutation='swap', mu_p=0.9)

best individual of generation 51: 243 fitness
[[8 9 2 7 4 3 5 1 6]
 [5 6 4 8 9 1 2 7 3]
 [7 3 1 6 2 5 8 9 4]
 [6 5 8 9 7 4 3 2 1]
 [1 4 3 2 5 8 9 6 7]
 [9 2 7 3 1 6 4 5 8]
 [3 1 9 4 6 2 7 8 5]
 [4 7 5 1 8 9 6 3 2]
 [2 8 6 5 3 7 1 4 9]]

if __name__ == '__main__':
    puzzle = Solver(item=[
        [5, 0, 0, 1, 0, 0, 7, 0, 0],
        [0, 2, 0, 0, 0, 7, 1, 0, 0],
        [3, 0, 1, 4, 0, 0, 8, 5, 2],
        [6, 1, 0, 5, 7, 2, 4, 0, 8],
        [0, 0, 2, 9, 6, 0, 0, 0, 0],
        [0, 4, 0, 0, 3, 0, 6, 2, 7],
        [4, 5, 9, 0, 8, 0, 0, 7, 0],
        [1, 3, 0, 0, 0, 0, 9, 8, 6],
        [2, 0, 0, 0, 1, 0, 0, 4, 3]
    ], pop_size=1000)

    puzzle.evolve(num_generations=200, t_size=4, co_p=0.9, mutation='swap', mu_p=0.9)

best individual of generation 42: 243 fitness
[[5 9 6 1 2 8 7 3 4]
 [8 2 4 3 5 7 1 6 9]
 [3 7 1 4 9 6 8 5 2]
 [6 1 3 5 7 2 4 9 8]
 [7 8 2 9 6 4 3 1 5]
 [9 4 5 8 3 1 6 2 7]
 [4 5 9 6 8 3 2 7 1]
 [1 3 7 2 4 5 9 8 6]
 [2 6 8 7 1 9 5 4 3]]
